step,fish,sharks
0,800,200
1,769,188
2,745,180
3,1220,152
4,1209,142
5,1184,276
6,1580,261
7,1530,245
8,1454,232
9,1717,227
10,1722,442
11,1453,395
12,1524,362
13,1451,327
14,1383,301
15,1492,566
16,1258,488
17,1182,434
18,1202,388
19,1173,346
20,1201,634
21,1084,549
22,987,471
23,967,407
24,992,366
25,1016,659
26,879,568
27,839,469
28,832,396
29,841,352
30,896,640
31,796,548
32,762,455
33,779,386
34,790,337
35,853,609
36,846,507
37,818,423
38,849,360
39,903,327
40,964,587
41,899,501
42,885,435
43,886,379
44,918,326
45,986,590
46,896,519
47,874,436
48,873,369
49,903,340
50,952,623
51,873,534
52,823,459
53,826,392
54,846,347
55,894,621
56,837,532
57,797,450
58,818,390
59,846,351
60,892,620
61,814,545
62,788,454
63,787,388
64,825,341
65,859,607
66,799,520
67,787,438
68,800,379
69,824,336
70,901,586
71,846,527
72,808,451
73,817,385
74,825,340
75,847,598
76,782,522
77,783,446
78,764,380
79,780,334
80,833,575
81,771,543
82,731,443
83,756,374
84,775,325
85,834,564
86,789,501
87,769,436
88,784,373
89,806,325
90,869,553
91,839,511
92,808,439
93,818,378
94,838,336
95,904,565
96,837,518
97,819,433
98,832,376
99,860,328
100,920,562
101,885,522
102,852,447
103,836,392
104,886,353
105,932,605
106,851,551
107,840,468
108,826,390
109,839,340
110,915,579
111,885,521
112,849,449
113,871,390
114,916,349
115,937,593
116,865,576
117,831,492
118,805,404
119,839,367
120,896,599
121,826,564
122,808,468
123,842,395
124,850,333
125,900,535
126,889,521
127,855,442
128,847,387
129,876,330
130,933,537
131,887,522
132,878,439
133,876,383
134,889,335
135,954,548
136,909,538
137,865,459
138,884,376
139,930,322
140,990,519
141,960,523
142,944,449
143,941,394
144,981,341
145,1019,551
146,939,539
147,902,456
148,907,397
149,923,347
150,982,545
151,930,541
152,883,460
153,876,395
154,905,363
155,908,574
156,878,558
157,832,489
158,809,421
159,853,363
160,905,560
161,842,563
162,813,490
163,816,426
164,822,365
165,868,537
166,827,549
167,799,472
168,804,402
169,820,347
170,886,507
171,854,535
172,824,472
173,836,411
174,859,351
175,909,510
176,879,528
177,852,480
178,856,399
179,872,348
180,921,506
181,903,556
182,854,483
183,838,413
184,847,356
185,900,516
186,872,555
187,836,482
188,825,409
189,839,367
190,876,521
191,833,566
192,776,492
193,790,416
194,806,362
195,845,517
196,826,538
197,803,474
198,791,388
199,828,335
200,870,489
201,846,524
202,834,457
203,823,397
204,854,342
205,907,495
206,862,525
207,811,472
208,828,392
209,844,347
210,898,494
211,885,532
212,848,478
213,829,409
214,866,358
215,907,508
216,888,547
217,851,486
218,834,420
219,845,358
220,884,492
221,893,549
222,846,477
223,857,406
224,891,355
225,905,490
226,914,557
227,867,490
228,827,421
229,850,369
230,895,488
231,887,542
232,841,494
233,843,414
234,855,357
235,905,488
236,884,552
237,841,495
238,814,425
239,835,371
240,885,496
241,857,557
242,822,481
243,831,415
244,850,362
245,890,481
246,885,545
247,834,476
248,830,408
249,864,353
250,886,456
251,898,534
252,869,466
253,856,409
254,857,353
255,919,469
256,913,517
257,899,466
258,902,391
259,909,348
260,961,461
261,961,548
262,901,501
263,889,425
264,922,368
265,937,471
266,911,547
267,878,490
268,860,424
269,862,375
270,920,482
271,895,556
272,855,499
273,825,431
274,830,379
275,848,487
276,838,550
277,801,491
278,765,430
279,782,368
280,827,490
281,843,545
282,823,472
283,838,418
284,845,364
285,874,468
286,884,535
287,840,475
288,826,405
289,862,354
290,914,455
291,895,527
292,891,467
293,879,411
294,881,372
295,929,482
296,910,543
297,841,486
298,842,414
299,870,354
300,923,450
301,907,533
302,879,477
303,866,428
304,871,364
305,907,459
306,906,550
307,850,493
308,862,435
309,877,365
310,905,460
311,904,544
312,871,485
313,846,425
314,863,358
315,906,448
316,899,528
317,858,464
318,866,400
319,890,349
320,915,436
321,922,505
322,913,462
323,906,402
324,929,357
325,987,440
326,975,518
327,950,490
328,929,441
329,913,384
330,965,454
331,957,539
332,904,511
333,902,445
334,884,397
335,922,481
336,922,536
337,863,515
338,844,449
339,869,395
340,880,479
341,863,531
342,852,509
343,812,423
344,856,370
345,884,468
346,877,523
347,858,501
348,860,421
349,866,369
350,892,447
351,925,501
352,890,478
353,874,422
354,880,373
355,910,442
356,906,514
357,882,502
358,858,431
359,863,371
360,886,446
361,908,521
362,863,506
363,839,418
364,873,364
365,922,443
366,919,517
367,889,499
368,868,436
369,875,368
370,925,441
371,942,507
372,919,500
373,921,419
374,930,376
375,978,443
376,1000,516
377,943,497
378,911,430
379,938,384
380,955,454
381,974,522
382,961,508
383,905,460
384,913,403
385,951,478
386,917,547
387,868,539
388,853,463
389,830,400
390,858,462
391,859,524
392,829,500
393,809,426
394,834,368
395,856,439
396,859,484
397,868,483
398,862,422
399,883,376
400,918,435
401,936,493
402,902,489
403,891,419
404,906,379
405,925,442
406,957,506
407,888,510
408,882,455
409,900,394
410,911,443
411,919,505
412,876,503
413,856,455
414,864,409
415,884,456
416,865,518
417,873,524
418,848,452
419,820,398
420,871,432
421,874,498
422,822,514
423,820,453
424,823,387
425,832,420
426,876,495
427,864,500
428,818,436
429,870,377
430,908,403
431,898,478
432,889,483
433,904,409
434,932,371
435,1013,400
436,1045,462
437,993,472
438,1006,423
439,984,390
440,1001,415
441,1046,497
442,994,516
443,952,461
444,934,425
445,943,457
446,957,523
447,900,535
448,859,472
449,869,426
450,868,450
451,848,523
452,822,540
453,800,485
454,785,438
455,802,442
456,821,513
457,790,529
458,758,468
459,764,411
460,780,415
461,785,478
462,789,493
463,796,443
464,791,398
465,815,392
466,849,454
467,877,472
468,854,438
469,877,389
470,897,379
471,926,444
472,935,481
473,916,447
474,925,409
475,932,406
476,964,470
477,926,510
478,887,467
479,907,423
480,907,426
481,916,485
482,915,519
483,866,479
484,835,429
485,851,413
486,867,498
487,852,518
488,831,471
489,817,422
490,845,407
491,870,475
492,861,504
493,836,467
494,841,424
495,863,411
496,880,492
497,868,524
498,836,475
499,829,424
500,853,402
501,860,492
502,858,517
503,850,483
504,843,435
505,861,392
506,900,487
507,852,500
508,853,478
509,837,417
510,855,381
511,912,476
512,888,500
513,870,475
514,851,434
515,842,404
516,883,511
517,865,515
518,816,493
519,833,424
520,838,388
521,857,489
522,852,503
523,825,469
524,812,403
525,844,370
526,881,479
527,875,489
528,863,465
529,860,392
530,877,368
531,936,475
532,934,491
533,928,476
534,911,414
535,948,373
536,972,490
537,927,500
538,923,476
539,881,407
540,916,366
541,972,475
542,958,479
543,943,463
544,937,402
545,979,376
546,1003,495
547,1010,513
548,966,491
549,928,442
550,950,412
551,971,523
552,938,559
553,890,531
554,835,458
555,842,421
556,855,521
557,824,544
558,783,499
559,780,441
560,806,391
561,823,491
562,813,504
563,823,478
564,821,407
565,843,378
566,894,476
567,882,516
568,866,493
569,837,433
570,858,384
571,904,473
572,899,527
573,880,491
574,859,425
575,890,383
576,918,467
577,917,505
578,864,477
579,894,424
580,906,383
581,914,480
582,921,523
583,871,492
584,849,422
585,895,375
586,927,475
587,890,502
588,880,474
589,862,423
590,867,394
591,893,494
592,870,520
593,842,483
594,849,438
595,853,395
596,885,502
597,883,523
598,850,469
599,849,425
600,885,389
601,892,483
602,887,491
603,905,460
604,872,420
605,869,383
606,921,460
607,902,506
608,890,445
609,921,416
610,925,388
611,957,471
612,952,521
613,912,471
614,908,446
615,907,405
616,927,481
617,926,527
618,898,481
619,885,455
620,878,403
621,905,489
622,870,526
623,837,479
624,847,441
625,841,400
626,859,466
627,853,519
628,827,487
629,821,434
630,843,383
631,870,443
632,887,498
633,874,451
634,895,414
635,907,389
636,943,460
637,931,528
638,892,481
639,878,437
640,869,406
641,891,479
642,914,540
643,855,488
644,833,442
645,873,401
646,875,459
647,886,525
648,871,480
649,843,437
650,856,399
651,878,473
652,872,532
653,852,489
654,848,435
655,832,402
656,877,461
657,872,512
658,836,491
659,842,447
660,844,410
661,862,481
662,891,521
663,855,499
664,822,450
665,859,412
666,883,465
667,867,514
668,851,479
669,844,425
670,847,391
671,887,428
672,909,504
673,860,463
674,882,427
675,889,394
676,912,432
677,941,497
678,914,468
679,902,442
680,910,412
681,938,459
682,939,533
683,915,490
684,871,466
685,862,421
686,889,467
687,866,531
688,860,479
689,860,442
690,860,396
691,865,453
692,907,497
693,885,459
694,875,412
695,910,382
696,925,432
697,920,496
698,905,465
699,900,417
700,902,400
701,950,448
702,956,524
703,918,490
704,912,437
705,916,420
706,933,451
707,945,522
708,903,491
709,896,432
710,924,410
711,941,444
712,967,514
713,928,490
714,923,435
715,932,418
716,938,456
717,965,531
718,909,524
719,858,463
720,857,447
721,868,466
722,863,528
723,834,519
724,786,451
725,805,408
726,828,441
727,826,515
728,822,495
729,816,436
730,833,410
731,866,434
732,874,526
733,838,506
734,817,442
735,825,422
736,829,457
737,854,526
738,833,512
739,813,446
740,830,416
741,834,443
742,840,521
743,814,491
744,803,428
745,796,398
746,853,427
747,867,498
748,823,490
749,854,424
750,868,400
751,883,432
752,913,506
753,864,500
754,843,433
755,871,414
756,879,445
757,871,516
758,862,499
759,831,439
760,838,412
761,869,447
762,850,527
763,800,516
764,818,431
765,819,401
766,851,433
767,871,489
768,837,495
769,816,434
770,847,396
771,876,456
772,850,497
773,862,506
774,826,427
775,834,389
776,865,430
777,863,460
778,858,477
779,852,415
780,865,372
781,906,415
782,915,445
783,932,485
784,924,417
785,938,398
786,970,442
787,980,475
788,956,498
789,949,432
790,950,406
791,952,453
792,964,471
793,954,509
794,895,447
795,878,428
796,902,454
797,886,483
798,882,518
799,851,451
800,840,407
801,900,429
802,898,466
803,872,516
804,874,440
805,886,404
806,906,446
807,907,467
808,907,521
809,871,467
810,885,421
811,896,470
812,869,481
813,879,532
814,850,469
815,854,406
816,862,452
817,875,471
818,893,526
819,858,472
820,853,411
821,872,446
822,871,464
823,875,510
824,853,460
825,859,409
826,875,448
827,879,486
828,849,539
829,830,486
830,835,415
831,838,446
832,865,472
833,856,507
834,826,454
835,846,397
836,849,438
837,871,474
838,884,525
839,851,464
840,852,394
841,890,449
842,884,492
843,845,526
844,835,469
845,813,413
846,832,451
847,847,479
848,866,520
849,827,452
850,825,388
851,871,413
852,901,445
853,893,503
854,896,459
855,915,400
856,919,416
857,962,456
858,976,521
859,918,474
860,921,409
861,951,446
862,901,496
863,910,550
864,873,496
865,841,415
866,888,437
867,899,469
868,895,532
869,854,469
870,861,408
871,870,433
872,905,472
873,893,536
874,849,486
875,876,419
876,884,435
877,875,470
878,933,533
879,854,482
880,823,410
881,897,439
882,880,468
883,875,525
884,879,469
885,880,393
886,900,421
887,935,468
888,918,497
889,883,457
890,912,403
891,918,419
892,923,457
893,934,500
894,891,463
895,891,391
896,929,407
897,946,443
898,967,492
899,936,468
900,906,416
901,946,444
902,942,484
903,918,521
904,927,488
905,881,418
906,900,453
907,909,490
908,887,532
909,839,492
910,833,409
911,849,426
912,852,456
913,853,509
914,815,471
915,793,401
916,840,393
917,842,439
918,839,494
919,833,450
920,840,393
921,850,415
922,868,477
923,891,518
924,861,477
925,865,405
926,905,412
927,913,458
928,933,511
929,906,488
930,877,419
931,903,418
932,942,481
933,906,520
934,894,485
935,884,411
936,871,396
937,921,441
938,917,492
939,890,479
940,882,416
941,914,409
942,913,472
943,915,514
944,900,483
945,876,415
946,910,409
947,930,452
948,901,532
949,866,502
950,827,419
951,843,406
952,889,445
953,870,510
954,853,490
955,876,417
956,897,416
957,888,464
958,883,513
959,861,482
960,846,413
961,848,434
962,885,445
963,895,518
964,860,491
965,852,411
966,875,420
967,886,438
968,910,509
969,876,491
970,857,413
971,898,427
972,895,440
973,901,506
974,886,483
975,871,421
976,851,433
977,905,441
978,906,505
979,863,485
980,877,415
981,855,426
982,866,438
983,896,501
984,844,481
985,836,425
986,864,438
987,860,448
988,878,506
989,855,491
990,841,416
991,859,429
992,886,446
993,889,507
994,871,484
995,879,433
996,860,429
997,890,458
998,902,522
999,868,503
