step,fish,sharks
0,200,100
1,156,84
2,129,68
3,175,58
4,168,52
5,155,100
6,164,85
7,151,69
8,139,62
9,153,55
10,160,101
11,134,83
12,142,75
13,144,66
14,137,57
15,163,107
16,141,94
17,121,83
18,131,69
19,133,57
20,132,105
21,130,90
22,123,76
23,112,66
24,120,57
25,125,103
26,117,92
27,121,72
28,114,56
29,116,52
30,131,89
31,120,86
32,125,67
33,133,57
34,134,50
35,144,83
36,140,75
37,132,69
38,137,61
39,149,55
40,156,90
41,140,78
42,149,70
43,147,59
44,151,55
45,167,92
46,145,87
47,138,76
48,136,60
49,145,55
50,153,90
51,144,90
52,137,75
53,130,67
54,131,59
55,144,96
56,137,91
57,133,78
58,137,60
59,146,52
60,149,88
61,137,88
62,142,71
63,140,62
64,142,56
65,158,88
66,145,87
67,133,72
68,140,59
69,145,51
70,151,83
71,154,81
72,149,60
73,151,58
74,160,52
75,176,81
76,165,85
77,157,73
78,162,60
79,172,53
80,173,85
81,162,88
82,157,75
83,159,64
84,163,55
85,165,88
86,162,90
87,148,76
88,149,66
89,153,59
90,153,93
91,131,102
92,124,87
93,115,74
94,118,57
95,136,87
96,126,85
97,118,71
98,131,63
99,135,55
100,129,89
101,128,87
102,122,69
103,124,57
104,131,50
105,143,83
106,138,80
107,140,65
108,142,55
109,145,49
110,157,76
111,158,84
112,149,70
113,152,60
114,153,51
115,158,76
116,157,84
117,152,75
118,146,65
119,157,58
120,167,83
121,146,94
122,144,75
123,143,63
124,153,54
125,165,75
126,170,84
127,154,71
128,143,63
129,151,58
130,157,87
131,144,90
132,149,78
133,144,67
134,148,60
135,158,95
136,153,91
137,145,78
138,142,66
139,150,61
140,146,99
141,137,94
142,136,76
143,121,67
144,130,59
145,138,90
146,129,91
147,131,72
148,135,64
149,130,60
150,148,95
151,139,92
152,135,77
153,136,68
154,139,55
155,145,89
156,140,91
157,131,75
158,131,62
159,134,57
160,147,86
161,140,84
162,139,75
163,143,68
164,150,59
165,156,91
166,154,90
167,136,81
168,139,64
169,139,52
170,147,78
171,148,82
172,141,73
173,139,65
174,145,60
175,156,90
176,131,95
177,129,78
178,130,68
179,125,61
180,134,96
181,119,99
182,109,77
183,110,64
184,115,55
185,117,80
186,116,84
187,129,65
188,128,55
189,127,51
190,150,83
191,137,85
192,126,68
193,136,62
194,137,58
195,136,96
196,132,97
197,118,78
198,113,70
199,129,59
200,139,91
201,126,96
202,122,80
203,128,62
204,120,56
205,139,78
206,144,85
207,128,74
208,144,57
209,144,51
210,151,75
211,155,87
212,148,72
213,140,65
214,162,56
215,162,80
216,154,96
217,148,73
218,148,64
219,149,54
220,155,80
221,152,89
222,137,74
223,138,66
224,134,55
225,145,73
226,149,85
227,144,74
228,144,66
229,149,53
230,156,71
231,164,84
232,151,78
233,142,64
234,155,56
235,166,77
236,155,95
237,138,85
238,132,73
239,133,58
240,142,77
241,137,88
242,132,73
243,130,62
244,138,53
245,142,72
246,141,80
247,139,68
248,149,60
249,142,53
250,155,75
251,158,84
252,144,74
253,145,59
254,158,48
255,164,69
256,164,76
257,169,69
258,163,58
259,166,55
260,183,85
261,157,96
262,139,87
263,139,74
264,127,64
265,131,89
266,132,94
267,125,82
268,118,66
269,125,57
270,132,77
271,131,88
272,137,77
273,131,65
274,128,59
275,153,81
276,146,82
277,131,70
278,155,59
279,152,55
280,145,78
281,159,94
282,143,85
283,125,75
284,148,65
285,135,88
286,125,98
287,126,89
288,117,69
289,120,60
290,132,74
291,128,91
292,115,84
293,119,74
294,117,61
295,115,73
296,119,87
297,107,84
298,102,70
299,117,62
